$ANSIBLE_VAULT;1.2;AES256;tidb
30643964663166356536353839313466633563613834643837333666353966613136353132323330
3661653463343933353365643635373637386538643933610a393939613439323731306131633033
35353439646363313964663834303361356435653435316338323064383233623866396637613937
3964653231633264340a343331353761336631643232643635346637373839363534306430323065
31396638383261326138383639343437636239323633303132373166373730663464383263656634
35323632623061323565383933343064363633633031393737643234323233343438616362326337
31636434303430653064626362643736326565333838636535313666383439386633326365346561
34383238326635623639616531653436306634636464663639333862313064333966663166663337
38613463663731303266303534326437316536346436653362363533646362383132333263356665
65323163366565376435643833653232653163376265316663393730393663353031323639616663
34666161383362306664376163656235373034616330396161376263366563356564353039623338
61316336316661646132356135343966313462393836333733373534663737643535633961656430
62343239616137363935353533343463313035643263383830343830366266643864313536303863
38303631343834326132396466646462626366376436393436303437396465666234663665636234
39643138303238323238616330636436666664383431386133323363306564623762663761323361
35316338326162646263616632303036613039393732613137633739663066323132303139376430
36623337353730393563346361663837633136323631306335636234313162626536316331663234
35366162373539646338363339323632396465326432363334376430396164663864393932616230
37363662343434633132636531643435656432666137353430633963313531343733636332336166
66643438653736376137303130343862313633643530653138376465366365633262653536306565
64303762393137653639366165663231356135383962333765393230373833646530626633316630
61306265383837396430306538316238376139306136316533663639336132313934383934633362
65623737623832366236646265313465353435303338663766376136366364633130343930383431
31646661663435343163323732316636613862373266353431343666336132616463356634313638
65333936393666333035343361623761336131656632343666303263356631646165343263643562
64383566363164393866383730353338386337633761386432346330626339383864633331343035
32613832353065643534326230633063336238363330323465373934643965646139336366653731
36353764386139653865356532663665663235363036646163633438323130376634346236306634
62613438346561343763646562623164303438386263396366353461343865323264323764353862
39353665663833613437313239653132343439663031666238633962383238366431336566626535
37383937343538623364313962653635363637666637613732666239653061363161303461346665
64613539363934636361383561363531363831356239356232383330623037386563623734666130
62313731666561643266336236643165393632356264666365633263393432306562336432383930
62656437643231363131616266316333643537303261306363303139366563373831383461376135
66393135306533623634373635343365303963663339376437633437326563313364613261356565
37316564613936303764643763346534653232316139626131343562363738663062376433376330
35613937376330386635393961653235636530613332306564313331633034616331386433656362
34393163626436376236393764303462313130376236656235373664643034356138336631363666
61636463323937323130666231393837346234616264393837383430353737643037346362316666
34656234393863643862656530373332663039303533656136313135336163633464386335396632
32646638343038386437666632366461623466373237396236303330393834386565643164393266
39313930323261643430653964326638656536663736323237353530643161306266623163323134
34316363383330316136323530353835646231396261613537383331636262656566613566376637
35363835306137366634663539656638303333313266353936326663646166383030346161626337
39656231326365653535353635613938373434336564333639366462333161626562653635616636
65353364333338326561613563353766376561363035356334666538636562336432356237323361
31616637613434313664666132333134653335343630333362353634336466613331333431333066
32653766623634646666343936323732616365343962376337303561633361663234313137326638
34653865386331366139383231643831393930306661383535336333313936353633356332313133
64393062353637623566623565346161623634343532313731666538626435633734323236623334
34316464333130613335333163643864383461363964363766626130663539306564303166383731
66323539396466613332316338363365333963643032396631353331656565303536396530393134
30646630633563633030663931396564653636363365646432336461303537626637613438633337
64386634623736393938393139376563656564346634393565373939323066643432356531323938
36663836613765633861313462393964363632346464656339613064356536316136663535613163
64643761373262666633376335623961336336623033663436613234343332396433376264353465
38306266666162323531393161383361623664343338373132356566306133333265383838636263
33346337633838646534303436663433353366303534363762313937306166333735373032316632
36666237656434646335633964353835646238386335633865313363626439366438666132346439
39353139383063656465653266356331633239313562306362643133626634646665343735656136
35366236396364363565313935356162633164633763393965346364633563323436303833303761
34613131303461663839633365613263353332343630376139333963623135666637666536366464
30643338303036653935343266656134393365323636326336616264353232336538653333636361
63323761346664353435626330393261356333326265383339613462623530326632326239356535
65393466633333356532626565613365656363373837656164616361303430616465363535363231
30613836333464653464356438363037343133303463306638326666313931333364313437386431
33313063613763393638363736666164396231316237303665616639383262356233353738326435
35373438613737656563303261356564663939663036623764636363656135623230366162626536
31393033613430323865636364653262323138373334643330653561306639633234373864653664
62393163383261336262373338383336306665396331373835343663326331646439393264616638
30336236323730633234656163316531326266343965366339643335653065326434343836316461
62353834346430373033316336393463353137646434303538643465393531343033646139366137
38336334666561363138633334333532356233353861623338346232336330393166653862323837
34653034646463626265333032653364383465383235396338613633633431613430383061653439
36353737616531313830373964613032396236316237383339626435636433663633383931623534
62656361306631326564396136663337346439326233636464393638623061656530666631343535
32376661383935633533303365363665643132343633396538653635623536386463353964323735
65613937336165656632396634353133393037333261333832613532303933333832346637386437
37323133656230363235383361316438633666333730303065386432373530323936613737643362
61623930333337366230313733646431666632656630666536663633346334373536356561336537
63373363343264306265393533373733363231373462663930623934653263663733346131326566
63646561376536323834343738353734653438373465613335326464353732306438356262656666
30373663336662343838393130306665666234373664343032653561633931336464663531643662
64666633666436303864623864633637656466653834386430323765366461353966353737363133
33623762373161343662646434316330366264643066313536613161366561336430323638383734
34613432613034313036353339343035393939666362376131663335323864326232353462363464
66393232356565623733346538643430383530373132396566383236623937646537383764653633
32613839343663373234306466623734333666333132303863343836613962303739313565323036
32346664313333646565326233323139663061303166303063653433396136636431383061323861
37356434623565376561313665336236306138353639323361643630333332626163393837616561
64333766653932383861383064346632656237353963356138653237303433663238316366323635
63663130316137623533623235373365306664313166653664326464616138623566363434653733
62643665633738613164306632613831326361346233646363623666373362666566303930656235
3336643730643833313361306330353534623463386264376339
